1.000000000000000000e+00 7.400000000000000355e+00
2.000000000000000000e+00 1.479999999999999982e+00
3.000000000000000000e+00 1.500000000000000000e+00
2.000000000000000000e+01 6.666666666666667407e-01
2.100000000000000000e+01 8.148148148148148806e-01
2.200000000000000000e+01 9.629629629629631316e-01
2.300000000000000000e+01 1.111111111111111160e+00
2.400000000000000000e+01 1.259259259259259300e+00
2.500000000000000000e+01 1.407407407407407440e+00
2.600000000000000000e+01 1.555555555555555580e+00
2.700000000000000000e+01 1.703703703703703720e+00
2.800000000000000000e+01 1.851851851851851860e+00
2.900000000000000000e+01 2.000000000000000000e+00
3.000000000000000000e+01 4.000000000000000000e+00
3.100000000000000000e+01 4.933333333333333570e+00
3.200000000000000000e+01 5.866666666666667140e+00
3.300000000000000000e+01 6.800000000000000711e+00
3.400000000000000000e+01 7.733333333333333393e+00
3.500000000000000000e+01 8.666666666666667851e+00
